39581
26244
46254
50401
56866
43755
35766
36575
54827
57402
20688
60571
61357
44005
50984
40915
58616
31567
54164
8333
14888
36966
33562
26769
23217
38988
24262
62891
32106
53942
30079
36656
25337
52382
63961
25770
48683
795
62428
65011
19492
9645
38132
15413
24421
48666
32682
26524
42655
4830
57214
584
51718
45898
15120
39493
23992
21851
17032
35126
22820
300
41264
17298
35135
58151
23645
54215
43967
57481
920
4342
37826
45740
26465
2550
25482
39506
29886
1020
63000
11467
34223
19828
55127
44342
59325
46243
10083
45716
18405
46933
47721
57527
52178
21426
44765
30484
41818
63239
24629
61976
2071
720
46134
19711
39230
12817
14691
39797
35453
49344
5644
56749
39474
14571
64229
38470
16421
7500
57677
57804
54321
15435
64589
2819
4575
38901
52542
7001
63799
10280
15947
8445
57091
14513
19334
23031
8237
32783
32577
53959
14627
25456
17607
31418
37142
47253
31086
47827